k = 10
querytime(sec):  2.6226043701171875e-06
traintime(min):  0.5293531696001689
queryResults:  [872, 874, 871, 873, 870, 918, 932, 931, 919, 898, 920, 929, 939, 942, 946, 826, 824, 825, 819, 828]
median:  886.0

k = 100
querytime:  4.5299530029296875e-06
traintime:  3.7